obs st co expen wealth    pop    pint dens income   id  growr
  1 36  1   316  41692   3157     6.3   49  13146  680   20.6
  2 36  1   345  58689  28203     7.1  578  21032  710   13.4
  3 36  1   298  55629   4572    24.0   94  15783 1800   -4.0
  4 36  1   480  58867  64628     9.0 1306  16887 1870    3.9
  6 36  1   301  52979  27649    10.5  483  20227 3550    8.0
  7 36  1   187  34141   2699     8.6   65  13635 4430    7.7
  8 36  1   216  55794   5966    15.0  108  19526 5810    4.6
  9 36  1   545  65647   2032     7.7   33  12814 7060   11.8
 10 36  1   309  35390   3404     7.6   59  13788 8900   13.5
 11 36  2    59  35613   1234    34.7   41  14207  100    0.7
 12 36  2   394  43155    390    40.4   11   8882  120  -16.5
 13 36  2   398  19651    831    22.2   23   8159  130   -8.0
 14 36  2   165  25630   1198    35.8   27  12092  140    7.2
 15 36  2   200  19722   1249    20.2   37  10524  200    0.1
 16 36  2   162  22791    860    46.9   22  10747  240    2.4
 17 36  2   256  32952    488    23.4   14   9110  250    5.9
 18 36  2   241  17133   1548    17.3   43   8631  600    2.9
 19 36  2   697  48050    227    44.5    6   9975  740   -9.7
 20 36  2   190  21620    596    17.6   17   9177  790   -7.8
 21 36  2   205  28629    636    30.9   25  10629 1030   20.4
 22 36  2   188  14378   2577     9.5   73   5958 1230    5.4
 23 36  2   296  26598    674    24.6   19   7425 1420   -2.6
 24 36  2   206  18665   1062    30.6   29   8890 1680   11.0
 25 36  2   176  36408   1715    17.5   51  11123 2120    1.3
 26 36  2   307  14350   2189    39.8   60   8150 3080    1.0
 27 36  2   201  18003   1649    22.1   45  11074 3180   -6.4
 28 36  2   376  30848    516    41.3   16   9372 3380    1.4
 29 36  2   717  39688    475    37.8   14  10851 3530   -3.6
 30 36  2   214  18836   1523    18.4   41  10030 4080    2.6
 31 36  2   329  32881   1004    21.3   29   9445 4150   -9.8
 32 36  2   267  22387    724    24.7   20   7871 5760    6.9
 33 36  2   460  41044   1186    13.8   34   9507 7300    4.5
 34 36  2   203  17852   1964    23.4   56  10098 7590   -0.3
 35 36  2   440  32815    328    25.0   11  11127 8690   -7.7
 36 36  2   133  32658   2872    13.6   83  11271 8870   -0.5
 37 36  2   505  47513    261    38.1    7   9139 8880  -22.4
 38 36  2   195  31781   1423    23.7   39  11560 9120   -1.6
 39 36  2   221  16701   1144    23.3   32   7819 9210    0.5
 40 36  3   208  25143   2808    16.7   68  11381  510   20.9
 41 36  3   240  37459   5006     8.7  197  16976  730    0.0
 42 36  3   184  35759  12325     9.7  363  14247 1540    0.6
 43 36  3   177  23089   5715    12.9   73   9769 1850   12.6
 44 36  3   201  27226   6277    17.2  256  12269 1950    1.0
 45 36  3   152  29660   3717     4.4  885  13447 2350    2.2
 46 36  3   147  28329   7203    10.9  219  12853 2860   -2.2
 47 36  3   234  36083   6148     4.0  198  12954 4420    4.5
 48 36  3   203  26880   2214    16.5   48   9630 4730   26.3
 49 36  3   166  31446   5639    13.5  123  13167 4990    6.0
 50 36  3   265  20457   1930    13.8   79  10293 5580   29.5
 51 36  3   376 152529    620    11.2    7  10167 7430  -13.3
 52 36  3   141  20023   2037    19.8   55  10118 8330   28.0
 53 36  3   242  46730  29319    21.2 1058  16855 8460   -0.8
 54 36  3   275  36572  26632     7.2  510  16091 8550   -1.9
 55 36  3   199  29910   5516    12.8   61  11131 9190   13.3
 56 36  4   123  18325   6308    12.2   89  10108  110   -3.0
 57 36  4   269  21663   2210    13.2   43  11829  330   12.5
 58 36  4   194  25431   1095    14.0   27  10084 1330   -0.4
 59 36  4   263  33976    737    16.1   14   8863 1840    3.4
 60 36  4   213  19222   1727    14.4   48   7482 1940    7.9
 61 36  4   137  23054   1313    13.7   38  10332 2210   -0.5
 62 36  4   340  25331   1015    15.5   25  10064 2520    6.5
 63 36  4   637 112196   1120    10.9   25  13672 2650   13.5
 64 36  4   483  27864    847    17.0   18   9540 2820  -11.1
 65 36  4   170  31998   1232     9.0   24  10184 3020    1.2
 66 36  4   255  19210   2054    18.6   51   9131 3030    9.7
 67 36  4   198  25999   2105    16.9   42  10752 3400    3.8
 68 36  4   198  22840   2078    30.3   54  10414 3950   -4.0
 69 36  4   261  31867    590    23.7   16   8144 4090    9.6
 70 36  4   194  20392    861    16.4   27   8683 4200    9.3
 71 36  4   239  17415   1283    21.3   35   6896 4580   18.0
 72 36  4   105  28754    706    16.9   24   9804 4760   10.5
 73 36  4   469  34471    482    26.8   15  11923 4900  -17.5
 74 36  4   249  23709   2394    12.3   59   9266 4950   13.6
 75 36  4   551  50359    712    15.8   18  10823 5070   -7.7
 76 36  4   247  21410   1145    23.8   31   8397 5600   24.4
 77 36  4   229  24579    862    10.1   24  10776 5640   -8.2
 78 36  4   196  25196   1973    20.9   67  13034 6080   -6.2
 79 36  4   416  26150    767    13.3   24  11016 6290   -6.2
 80 36  4   205  24522   1366    24.4   50  11654 6520  -19.2
 81 36  4    96  22960   3358    20.9   96  10868 6830    0.2
 82 36  4   155  30007    715    16.4   22  10886 6990   27.0
 83 36  4   228  32652    451    20.2   25   9442 7370  -21.5
 84 36  4   316  61313    295    16.8    8   8352 7920   32.5
 85 36  4   140  21469   2728    16.4   76  10281 9310    7.3
 86 36  5   109  44354   2365    10.9   80  12690  390    1.8
 87 36  5    84  21571   3168    11.1  150  11182 1000   33.5
 88 36  5   201  27634   2162    13.6   66   9877 1370   17.0
 89 36  5   179  17977   1905     7.4   54   9403 1960   14.2
 90 36  5    94  27146   2694    10.3  124  15481 2890   10.4
 91 36  5   188  32208   1857    23.8   47  11551 3220   -2.8
 92 36  5   185  24287   1412    14.5   42  10777 4180    1.1
 93 36  5   239  50416   1071    19.2   30  11580 4540   11.3
 94 36  5   142  16566   1950    17.6   80  10603 4800    9.5
 95 36  5   127  22497   1105    17.6   69  10556 5230    5.1
 96 36  5   136  25395   1311    16.2   71  10191 5440   13.8
 97 36  5   107  14888   2563    18.8   94   7626 5480  118.5
 98 36  5   316  70474   1210    19.1   31  12454 5860    7.1
 99 36  5   187  36648   3466    11.5  166  20105 6310   -3.4
100 36  5   233  29872   1526    11.0   42  12932 7600    3.1
101 36  5   275  28361    816    17.5   28  11041 7630    9.4
102 36  5   281  42765   2983     8.9  104  14585 7660   13.7
103 36  5   115  44591   1065    33.2   54  13064 7970    4.7
104 36  5   177  26063   2403    24.5   55  11188 8050    2.8
105 36  5   205  24650   1050    18.8   41   9398 8170   19.6
106 36  5   185  25727   1791    13.5   96  13358 8240   -0.3
107 36  5   217  24941   1324    19.2   32  10477 8520    3.7
108 36  5   206  20974   1538    20.7   45   9285 8580    1.1
109 36  6   264  25881   1052    15.1   29  11261  320    6.1
110 36  6   171  31681   4426    17.7   97  12492 1040   -6.3
111 36  6   187  19153   3531    11.7  105  11309 1320   -1.1
112 36  6   249  23033    840    13.1   24   8694 1460   13.6
113 36  6   236 112637   2881    13.8   44  13420 1500   -5.9
114 36  6   274  32752    520    12.4   15  10284 1550   -4.5
115 36  6   224  20621   1472    15.8   41   9135 1770   -0.7
116 36  6   176  36939   1462     8.8  236  12464 2430   -6.4
117 36  6   174  40676   4147    15.5   88  14136 2630   -0.5
118 36  6   207  36200   5525     6.8  192  18256 2640   -3.9
119 36  6   257  19006   1600    15.2   44   9325 2660   -4.4
121 36  6   155  15723   2172    13.3   60   9681 3270    6.2
122 36  6   177  30345   3661     5.0   78  12679 3700   -6.8
123 36  6   153  23216   1729    12.4   40  10050 3730    6.1
124 36  6   235  31045   1298     9.5   70  15220 4370   -8.4
125 36  6   363  40306   1106    13.5   31  10352 5350   -9.3
126 36  6   331  42922   2309    16.4   55  12862 5960    1.7
127 36  6   176  23444   2597    13.6   71  10994 6770   -1.3
128 36  6    66  25063   3772    16.2   97  11510 6780   -2.0
129 36  6   150  19241   3531     9.2  108   8930 6820   14.2
130 36  6   211  25617   2924    12.3   60   9690 7150   -6.7
131 36  6   222  29211   2567    12.7   69  12976 7750   -2.9
132 36  6   270  25120    830    11.3   23   8979 7760   13.4
133 36  6   171  19332   1794    10.8   39   9530 8110   15.7
134 36  6   248  22531   1066    15.5   30   9784 8600    0.4
135 36  6   173  35087   1760     9.8   41  11794 8920    5.3
136 36  7   138  18065   1355    13.4  100  11101  340    2.2
137 36  7   249  18799    816    23.4   32  10395  480   -7.1
138 36  7   175  33353   7585    13.6  170  16312  720   -0.7
139 36  7   182  17254   2607    14.5   69  10968 1360   -3.4
140 36  7   167  19812   2561    12.4   52  10239 1530    4.3
141 36  7   206  31868   7401    10.3  332  18188 2690   -2.6
142 36  7   184  16454   1995    22.1   45  10171 2720   -1.7
143 36  7   111  31554   8796    19.5  285  13821 4050    1.8
144 36  7   171  19747  11568    10.7  249  11811 7910   -0.1
145 36  7   220  26759    954    19.7   23   9823 8500   -0.5
146 36  7   119  24997   3109    20.3   82  12208 8560   -2.6
147 36  8   152  25118   2212    16.1   50  10167   30   22.2
148 36  8   129  40892   1928    15.6   58  12450  470    9.7
149 36  8   267  23881    882    17.8   24   9914 1900    8.4
150 36  8   227  23745   1566    17.7   32   9727 2050   19.4
151 36  8   305  38055    323    28.2   11   7501 3240   24.4
152 36  8   135  25334   4293    13.8   58  12462 3430    6.5
153 36  8   206  24198   2962    12.4   48  10535 3560   17.7
154 36  8   385  27460    489    22.1   19  13528 4690    2.7
155 36  8   383  34842    812    21.6   21   8700 5210    1.6
156 36  8   144  28814   1865    11.5   41  11255 5670   11.8
157 36  8   147  23666   2060    14.4   73  11491 5990   18.4
158 36  8   112  29641   4092    19.3   97  14539 6030    1.0
160 36  8   104  27151   2365    17.6   41  11097 6330    6.4
161 36  8   226  24548    761    25.7   20   5676 6570   21.3
162 36  8   195  22822    754    21.6   26   8068 6670    2.2
163 36  8   213  24165   1742    18.9   41  10749 6750   12.5
164 36  8   175  22314   1132    20.1   32   9385 6910   16.9
165 36  8   167  27793   1565    11.8   38  11658 7740   34.0
166 36  8   250  26493   1166    20.5   23  10003 7810   -0.6
167 36  8   237  21019   1081    18.0   26   9306 7820   14.9
168 36  9   155  15112   2915    20.5   29   6779  160   33.6
169 36  9   221  24973   1066    16.9   28  10787  410   32.5
170 36  9   197  23468   5275    15.4   87  11507  590   19.5
171 36  9   330  39364   1566    18.3   12  10285  750    3.4
172 36  9   139  40026   2133    14.3   44  12718 1440   -3.0
173 36  9   222  22493   3915    25.2   72  12403 1510    3.3
174 36  9   371  24387    659    30.3   10   8662 1750   -3.2
175 36  9   101  31392   1283    57.3   22   7517 2150   29.6
176 36  9   349  25465   1866    12.7   17  10410 2620    5.5
177 36  9   166  18108   2558    30.3   29  11619 5470    6.3
178 36  9   186  27482   6434    14.4   81  13218 6550   16.9
179 36  9   196  27728  17400     6.7  378  10040 6730    5.2
180 36  9   234  23526   3774    29.0   33  11568 7460    9.5
181 36  9   151  21376   4908    23.7  131  11882 7580   14.4
182 36 10   256  98341   1546    18.4   36  13824  220   13.4
183 36 10   332 134070   1484    15.3   30  18489  420   10.8
184 36 10   221 104544   1797    23.0   49  17079 1180    7.2
185 36 10   227  79050   4437    14.6   83  18185 1490    2.8
186 36 10   144  40996   4845    16.2  104  12652 1690    5.9
187 36 10   141  59585   1478    19.7   82  12509 1720   13.7
188 36 10   240  93169   3171    10.4   77  13002 1990    9.3
189 36 10   239  63028   1731    15.7   44  13083 3130   28.3
190 36 10   275  60092   2028    16.3  166  14032 3260    4.6
191 36 10   164  49257   2943    13.3   67  14278 3280    9.8
192 36 10   237  49461   4115     4.5  219  15283 3460    1.8
193 36 10   355 123608   1822    14.1   38  16468 3940    8.8
194 36 10   108  48907   5463    26.0  192  15491 4380   14.0
195 36 10   134  51799   3681    18.0   96  11824 4770   16.0
196 36 10   187  63866   2401    15.2   67  14110 5770    4.8
197 36 10   154  28129   3133    10.6  270  11124 8100    8.4
198 36 10   152  47447   2170    18.2   86  13118 8150   -1.7
199 36 10   362 110860   1113    10.0   28  15501 8200    0.9
200 36 11   175  19631   1116    16.3   44   9558 1620   -2.5
201 36 11   235  37883   6954     6.6  142  13435 2040   -1.8
202 36 11   292  29276    851    15.0   20   9708 2130    0.5
203 36 11   231  17148    711    15.5   28   8526 3060   20.3
204 36 11   164  23529    892    17.9   37   9455 3720    3.6
205 36 11   120  32570   3046    16.0   62  12622 3970    2.3
206 36 11   210  33540    617    28.4   25  10944 4500    3.5
207 36 11   155  25197    943    18.4   39  10622 5080   20.3
208 36 11   187  29716   1565    20.9   58  12047 6900   -3.7
209 36 11   179  21776   1162    20.4   52  11665 7610   -2.2
210 36 11   234  22213   1037    19.7   35   9137 7840   16.5
211 36 11   265  22519    554    34.4   18   9872 8210   12.7
212 36 11   349  39056   1079    14.6   24  10876 8350    7.7
213 36 11   233  34599   2196    14.2   46  12390 8610    5.8
214 36 11   214  22542    921    68.6   36   9001 9090   19.4
215 36 12   446 163655   1011    18.9    9  11376  230    6.3
216 36 12   557 101365    548    15.1   12  12777  840   -2.1
217 36 12   563 177870   1944    13.0   14  10671 1820    4.3
218 36 12   144  38047   2531    24.7   48  11521 2190   23.7
219 36 12   146  63862   1957    14.9   32  12246 2270    1.6
220 36 12   136  81624   1827    10.4   42  10571 2310    0.8
221 36 12   227  48417   2076    19.5   26  12159 3000    3.6
222 36 12   424  70187   1118    15.3   19  11713 3620  -10.3
223 36 12   304  63615   2071    13.2   13  10833 3680    4.2
224 36 12   406  64180   1441    11.0   34  11728 3740   -3.0
225 36 12   341  56410   1442    16.7   23  11027 4440   12.8
226 36 12   232  42047   1391    21.3   26  10277 5180   17.0
227 36 12   251  39202   1541    19.0   26   9727 5240   10.1
228 36 12   394 115265   2408    12.0   25  11258 5300   -1.5
229 36 12   456  78779   2407    10.8   28  11442 7270    4.2
230 36 12  1667  54947   1937     1.8   40  12335 7770   -2.4
231 36 12   214 111904    476    15.8   10  11694 8000   38.8
232 36 12   351  82564    999    16.3   10   9522 8290    2.7
233 36 12   128  57662   2650    16.7   28  12018 8660    4.7
234 36 13   189  52860   4974     7.6  115  11175  180  -17.5
235 36 13   160  50328  11109    13.3  370  14278  580   46.3
236 36 13   267  91916   3833    17.8  100  19838 1760   10.8
237 36 13   175  48674   7881    12.3  141  13737 2380    7.1
238 36 13   304  66285  22903     8.3  403  18391 2480   22.2
239 36 13   182  46765  16047     7.3  603  14914 2880   12.5
240 36 13   162  46469  21322    12.3  576  15370 4140    2.2
241 36 13   228  69311  13454    11.4  339  20017 4460    7.3
242 36 13   332  96465   1940    12.1   54  16640 5310   13.6
243 36 13   233 100478   2068    13.6   48  13532 5930    9.1
244 36 13   284 146621   4008    12.9   95  19251 6450    4.6
245 36 13   290  74912   2305     9.0   75  13851 6650    4.0
246 36 13   190  64879   8297    10.4  252  17274 6740   17.0
247 36 13   338  55681  40262     7.1 1398  18079 6860    1.5
248 36 13   124  56296   6894    13.7  204  14357 7030   13.2
249 36 13   225  87972   4896    13.0  141  17118 7070    6.9
250 36 13   246 102451   3530    11.7   71  19220 8010    5.3
251 36 13   413 103928   3761    13.3  100  17729 8470   34.6
252 36 13   162  55463  21350     9.2  815  19035 8680   -1.2
253 36 13   320 150468   3160    10.7   55  28905 8740    3.3
254 36 14   150  23021   7977    11.8  251  11442   70    4.1
255 36 14   356  39000 106816    20.2 2054  19457  190    3.3
256 36 14   231  43780   6729    14.0  199  18445  400   -4.0
257 36 14   213  32209   7397    15.0  207  16523  830   -3.1
258 36 14   305  31515   1624    17.0   70  11967  880  -16.8
259 36 14   336  29323  76354     8.8 3235  13339 1520   -8.6
260 36 14   220  47986  20420    12.5  382  18206 1640   10.4
261 36 14   250  35078   2853    13.1   80  13695 1830   -7.3
262 36 14   148  16583   6217    15.0  129   8946 1860   19.5
263 36 14   144  33740   4115    14.9   62  12174 1910    4.9
264 36 14   276  27977   7434    11.2  187  13472 2540    1.2
265 36 14   173  37696  10311    12.1  299  18439 2680   -2.1
266 36 14   409  23840  15163     6.3  375  12096 2770   -2.7
267 36 14   223  35137  17719     6.9  620  17581 3370    4.7
268 36 14   325  31723  40592     8.3 1077  14364 3610    2.5
269 36 14   227  26074   3597    11.3  101  12102 3960    3.7
270 36 14   270  33652  20872     8.6  593  13208 4480   18.5
271 36 14   130  27588   5328    19.4  193  13542 5120    8.0
272 36 14   159  37664   4589    17.0   93  12706 5820    6.4
273 36 14   189  30634   2141     6.9   51  12056 5910   -5.6
274 36 14   280  41125  21485     8.0  578  18274 6170    3.2
275 36 14   195  32327   2642    24.4   53  11694 7480   -4.5
276 36 14   415  32832  63782    13.5 3666  14739 8300  -10.3
277 36 14   144  31136   2932    24.4   82  14118 8640    2.6
278 36 14   356  27045  47154     5.6 2203  13990 8970   -6.6
279 36 15   305  39865   2241    59.7   28  10728 1590   -5.5
280 36 15   377  31741   1988    31.7   26   9044 2110    6.9
281 36 15   390  47508   1323     7.4   16  10576 2600    3.7
282 36 15   686  62551    648    13.4   21  11173 2760  -21.9
283 36 15   359  35577   2249    26.4   33  11168 4270    1.0
284 36 15   947 186722    906     8.5    6  12760 4340   -1.2
285 36 15   417  38262   1084    13.0   13  11269 4610   14.6
286 36 15  1059 196761    753    22.9    5  11010 5370   -2.9
287 36 15   248  18192   3607     9.1   55   9719 5510   -1.8
288 36 15  2627 329034    517     4.6    2  13993 5710  -20.1
289 36 15   398  78108   5641     7.4   37  10523 5940   31.1
290 36 15  1518 168935    283    21.3    2   8993 5980   48.6
291 36 15   215  48245   1369    21.0   24  11984 7350  189.0
292 36 15   862 175919   1744     8.4   13  10826 7560    7.2
293 36 15   453  84967   2355    11.3   29  11977 8270   -4.8
294 36 15   421  73905    923    17.7   16  13580 8960    9.8
295 36 15   356  62200   1731    23.3   41  11423 9130   -1.3
296 36 15   655  67668   1014    24.6   16  10444 9140   -2.9
297 36 16   171  54200   2166    14.0   19  10442  150   14.8
298 36 16   215  17855   2104    49.6   49   8077  500    6.1
299 36 16   443  52350   1286    49.2    8   9709  610   19.2
300 36 16   159  21968   1140    27.2   32  10365  810   -7.1
301 36 16   559  37388    373    21.2    9   7664  870  -21.0
302 36 16   267  59241   1488    10.9   19   5902  910   -7.0
303 36 16   288  21121   1024    27.7   23   9914 1010    1.1
304 36 16   480  33857    778    33.6   16  11098 1480  -18.1
305 36 16   256  19255   1200    32.1   37   7301 1970   -1.2
306 36 16   418  23513    744    57.6   17   9204 2360   -4.5
307 36 16  1361 171005    146    34.3    2   9956 2410  -17.4
308 36 16   176  19671   1650    53.6   45  10130 2960   -7.1
309 36 16   597  82532   1034    20.6    6  12088 3010    9.7
310 36 16   172  17828   6724    39.2   68   6176 5000   72.0
311 36 16   123  14461   2185    29.9   49   8790 5410    5.6
312 36 16   964 457518    311    10.1    2  12119 7450    0.3
313 36 16   573  32157   1060    33.4    8   7748 8790   -3.8
314 36 16   153  18733   1646    27.2   47   8686 9010    8.7
315 36 17   481  77451    525    15.3    9  14675  760   11.2
316 36 17   115  41799   3068    22.0  100  11552  940   12.8
317 36 17   540  69323   1369     6.5   27  10453 1300   13.6
318 36 17   256  38820   1554    21.0   40   9056 2710   -0.5
319 36 17   168  32081   6358    13.2   90  12164 4320   -4.5
320 36 17   126  34448   5006    46.0   87  11610 5200    9.5
321 36 17   232  89518   1525     9.6   76  11731 5890    0.0
322 36 17   219  28387   1856    20.4   33   8720 6130    2.3
323 36 17   141  24957   3400    15.4  130  11218 6540    3.6
324 36 17   509  66248    578    20.7    8   8505 8140   -6.2
325 36 18   188  19514   2012    31.8   47  10568   40    3.7
326 36 18   226  27569   1769    29.5   50  11710   80   -5.1
327 36 18   131  25800   6153     7.5  127  11776  550    8.8
328 36 18   223  29199   1711    15.1   63  14654  650    6.2
329 36 18   197  23342   1794    25.9   50  11847  690   -3.6
330 36 18   207  23106   2366    18.3   73  12864 1070    4.6
331 36 18   193  31484   2985    24.9   63  15385 2180    1.0
332 36 18   178  23054   1697    28.9   49  12830 2580   -1.9
333 36 18   131  34451   3219    20.1   81  14561 4600    2.7
334 36 18   166  28355   1508    18.9   66  12102 6050    5.1
335 36 18   200  24043   2317    26.4   65  12362 6440   -2.0
336 36 18   162  26076   3481    20.0   86  11630 6470    0.6
337 36 18   181  26661   2610    25.1   84  14034 7990    3.4
338 36 19   281 100886    815    12.2   31  12300  350    7.9
339 36 19   162  76133   1879    12.6   82  12995  360    7.5
340 36 19   209  55367   5556    20.0   93  10884 1080   14.6
341 36 19   169  55235   7383    13.9  127  12751 1390    8.0
342 36 19    73  41695   5166    16.7  149   7219 2080   49.9
343 36 19   309  78711   2332    11.0   47  12328 2440    1.8
344 36 19   262  56589   3192    10.2   82  13913 3470   10.0
345 36 19   353 157499    197    29.1    9  10735 3590   26.0
346 36 19   717 220053   1255    44.9   14  13659 4100   15.7
347 36 19   463 185951    975    12.8   19  13873 4300   29.0
348 36 19   411 161786    838    11.7   10  14052 4650    2.0
349 36 19   162  44607   3435    15.0   83  13785 5660   10.5
350 36 19   363  55707    796    25.6   41  10709 6890   16.2
351 36 19   728 222717   1686     6.4   37  12657 9180    1.1
352 36 20  3286 447569    297    24.0    1  12452  310   -4.5
353 36 20  1425 131874    170     1.7    2   8917  630    7.7
354 36 20   566  61521    367    20.7    9  10865 3990   15.1
355 36 20  1112 137229   1495    15.7    6  11532 4160    5.0
356 36 20  2053 323026    348    15.9    6  12969 4170    7.2
357 36 20   891 239463    494     9.7    3   9894 4470    8.0
358 36 20  1198 300676    929     9.2    2  13473 4830   -0.5
359 36 20  3043 594758    107     6.4    1  11262 5500    3.9
360 36 20  1131 107246    722     8.7    4  10928 8860   12.6
361 36 21   154  20321   1597    37.7   46   9853 1890    3.3
362 36 21   254  21639   1076    32.5   37   9887 2170   -0.4
363 36 21   262  32114    820    59.0   20  11022 2800    1.2
364 36 21   200  30561   4823     8.8  133  12048 2990    2.3
365 36 21    99  39502   2450     6.3   81  10605 3250   -4.0
366 36 21    79  44298   2418    14.0   83  11276 3890   -7.1
367 36 21   185  29852   1459    34.5   49   9835 4740   19.1
368 36 21   201  25398   1675    34.4   76  10986 4750   14.0
369 36 21   148  54966   1084    19.9   40  10382 5050    4.2
371 36 21   272  21750    663    28.9   19   9750 6020    0.2
372 36 21   825  88349    898    56.1    3   8848 6070   11.7
373 36 21   235  44075   1558    22.3   28  12527 7320    6.2
374 36 21   328  23156   1932    62.5   18   8283 7400   -0.6
376 36 21   310  39376    746    36.5   23   9673 8020   -7.9
377 36 21   250  36037   1079    21.0   28   7328 8700    1.1
378 36 21  1920 326853   1624     7.0    4  15090 8840   -3.8
379 36 21   136  30005   1315    28.6   58  11073 9200   18.7
380 36 22   163  27611   3331    15.7   81  11881   10   19.9
381 36 22   299  80163   2842    44.4   39  12548   90   18.6
382 36 22   269  20091   1118    35.2   11   9069  270    0.6
383 36 22   180  33256   2999    27.0   52  11844  980   18.4
384 36 22   379  47744   2294    27.4   41   7438 1260  100.9
385 36 22   151  21579   2443    47.8   57  11302 1430    7.9
386 36 22   382  54496   2520    43.5   31  11225 1710   11.6
387 36 22   294  32510   2720    65.8   33   9578 2670    4.7
388 36 22   842  84314   1256    18.8   30  13411 3870   -4.7
389 36 22   264  39410   1806    27.6   38  12069 4060    9.1
390 36 22    56   8565  19897    12.8  273   6158 4590  294.5
391 36 22   422  24833    775    64.7   20   9236 4840    6.4
392 36 22   399  89358   1115    26.8   20  12934 4890    3.1
393 36 22   284  53092   2296    42.6   32  10732 6180   12.0
394 36 22   213  32158   2890    34.4   84  11888 6380   16.3
395 36 22   213  27139    677    29.4   18   8482 6590   17.1
396 36 22   353  22358   1052    31.7   25  10435 7190   21.5
397 36 22   179  23477   1749    34.5   40  10205 7330   28.7
398 36 22   300  34157   1465    24.5   23  10544 8220   35.7
399 36 22   167  41411   4590    29.4  127  11909 8770   40.1
400 36 22   199  18584   2129    27.0   28  12840 9150    1.6
401 36 22   603  44127    232    61.8    5  10879 9270   43.1
402 36 23   279  34879   2464    22.4   14   9092 2100   13.5
403 36 23   173  25962   1557    15.4   32  11345 2280    2.3
404 36 23   251  46624   1094    21.4    8   9419 2340   34.7
405 36 23   198  43821   1365    28.1   15   9825 3510   18.7
406 36 23   457  30363    426    29.9   11   8305 3760    1.7
407 36 23   293  33773    886    28.7   14   8193 4620   19.2
408 36 23   139  27837   1104    21.7   34   8572 4660   16.6
409 36 23   144  40221   1218    17.6   34  11921 4860    0.5
410 36 23   276  25508   1310    28.6   19   7809 4920   12.9
411 36 23   343  24359   1331    60.2   18  11198 5160   -9.1
412 36 23   219  20112   2568    17.6   46  10779 5680    9.1
413 36 23   739  74633    223    26.5    3   9286 6200  -25.5
414 36 23   380  34267    327     8.9    8   7548 6640    5.9
415 36 23   189  27007    586    12.4   19  10621 8370    7.0
416 36 23   301  39398   1681    20.1   15   9752 8780   26.8
417 36 23   204  39378    741    28.4    7  11209 8990   -4.3
418 36 24   105  34600   3310    17.9   87  13415  450    3.4
419 36 24   124  39116   2246    36.2   53  13712 1100   18.0
420 36 24   265  31543   2241    28.7   68  13894 1920   11.5
421 36 24   127  64270   2004    25.5   48  20722 3200    3.3
422 36 24   182  18216   3400    20.8   87   6694 3540   49.1
423 36 24   210  27066   1896    44.1   57  12254 4560   27.5
424 36 24   137  39086   2060    23.9   68  13517 4680   10.3
425 36 24   158  38753   5543    36.2  149  13576 4780   19.2
426 36 24   139  26633   1549    22.2   32   9246 5550    6.4
427 36 24   128  65431    734    63.2   98  12197 5920  -23.1
428 36 24   249  21856   1596    64.0   44  10875 6040    4.0
429 36 24   435  29558    823    29.0   21  10853 6210   19.5
430 36 24   330  18578    917    31.9   35   9669 6800   15.8
431 36 24   295  22411   1602    35.7   58  13163 7940    8.2
432 36 24   275  24799   2460    21.3   46  11508 7980   12.3
433 36 24   223  18633   1382    28.3   41  11249 8980   21.4
434 36 24   188  31405   3573    20.8   73  12543 9300    9.4
435 36 25   263  22632   2263    26.2   29   9458  950    9.2
436 36 25   131  64786   3552    23.4   74  21972 1410    6.9
437 36 25   209  42340    907    25.6   30  10808 2320   10.3
438 36 25    94  31231   2661    22.1   61  10548 2530    6.3
439 36 25   218  22344   1717    13.6   55  12551 2850    7.2
440 36 25   239  24018    963    24.9   24   7311 3230   19.6
441 36 25    76  30842   2457    31.3   62  11784 3630    5.6
442 36 25   241  28508   1295    26.5   30  10782 4530   13.2
443 36 25   114  37209   3497    15.6  109  14160 4570    7.8
444 36 25   195  32170   1658    20.8   66  13212 4700   -3.1
445 36 25   187  29559   2566    16.8   64  11942 4970   28.2
446 36 25   228  43547   1971    17.8   46  12442 5620   26.6
447 36 25   204  20567   1063    25.5   44   9523 7790    5.2
448 36 25   188  24187   1546    20.7   50   9717 8080    5.7
449 36 25   122  32897  10049    14.1  142  12847 8160    8.9
450 36 26   282  51104  34191    12.0 2206  24179  920   -3.7
451 36 26   164  31170  25478    30.5  642  16251 1600    6.3
452 36 26   242  30385   4617    20.0  139  15057 1660   12.5
453 36 26   239  41324  28348    12.3 1865  15702 3160   -3.9
454 36 26   243  33732  91854    12.3 1938  16123 3410   10.7
455 36 26   149  25014   9509    24.6  219  13110 3640   19.9
456 36 26   165  41270  36424    15.3 1029  14583 3880    0.7
457 36 26   241  39516  51323    23.2 3354  17595 4190   -9.1
458 36 26   230  67127   4801    27.6  129  22997 5220   49.0
459 36 26   226  32213  13713    18.0  390  15972 6060   18.1
460 36 26   140  37279   8702    22.2  216  16289 6420    2.6
461 36 26   213  46488  30823    25.5  822  19823 6490   11.1
462 36 26   133  50216  38015    22.5 1170  21048 6500   14.6
463 36 26   227  59841  23400    18.3 1040  27917 6690    9.3
464 36 26   171  36811   3478    30.6  103  16339 7140   16.3
465 36 26   333  44846   3260    21.0  107  20095 7290    7.2
466 36 26   130  41223   5502    23.0  175  15308 8190    6.9
467 36 26   251  43560  26725    16.2  840  19086 8850   11.7
468 36 26   276  34053   3196    20.2  108  16575 9040    2.3
469 36 27   134  40138   4015    13.2  147  13228  210    6.0
470 36 27   126  27114   1457    29.5   35  12352 1200   -2.6
471 36 27   332  29973   1126    30.6   26  10496 1450    9.3
472 36 27   283  38236   2649    21.4   53  11272 2910    2.3
473 36 27   223  40621   1219    24.3   32  10371 3300    7.7
474 36 27   120  23690   2032    27.6   41   9051 5360   -5.9
475 36 27   128  26699   3005    25.1   88  10857 5400    6.5
476 36 27   212  22965   1733    35.0   44  11423 6350   11.4
477 36 27   205  23348   1670    34.4   33  10699 7210   -6.1
478 36 27    97  27394    920    35.5   57   9459 7360  -13.0
479 36 28   257  72887 471283    15.0 5423  21457 3860   -3.4
480 36 28   237 147431  88153    11.4 6252  34775 5970   -3.9
481 36 28   361  93112 233377     9.0 3795  25802 6340   -5.2
482 36 29   193  29498   4851     6.8  122  13447 1120    8.1
483 36 29   326  22451   3872    18.9   74  12106 3790   -4.7
484 36 29   282  32427  12307     5.0  341  15996 4640   -3.8
485 36 29   231  24746  17327     4.1  388  13237 4810   28.2
486 36 29   270  23332   8942     6.8  173  12756 5720   -2.9
487 36 29   200  23204   9926     3.7 1056  12229 5840    2.4
488 36 29   237  30097   5067     8.4  186  16118 6480    6.0
489 36 29   224  31964   5030     8.0  157  14773 6810   -0.5
490 36 29   207  27075   5538     8.5   80  12553 7280   -3.3
491 36 29   460 356040   2070    20.7   56  12600 7860   -3.7
492 36 29   265  34072  11428     7.2  410  13561 9030   15.8
493 36 29   155  25119   4438    10.2   91  12625 9160   -1.7
494 36 30   219  22808   2865    20.8   48   8431  260   16.6
495 36 30   270  27129   1274    27.1   47  10432  380   -0.2
496 36 30   257  18875    818    24.5   22   8881  430   19.3
497 36 30   147  35350   2081    18.4   30  10471  820   15.8
498 36 30   193  21447   1089    18.3   47   9818  900   20.2
499 36 30   113  23278   2647    26.1   51  12360 1140   14.3
500 36 30   185  33679   3944    12.0  120  13543 2230    0.2
501 36 30   283  28180    885    17.6   16   9092 2900   23.8
502 36 30   210  21467   3855    23.9  111  12031 2920   -0.2
503 36 30   355  80813   1591    32.7   21  11061 2940   12.8
504 36 30   303  32431   7853    10.7  237  14863 4410   -3.8
505 36 30   119  23620   7160    14.9  158  12462 4550    3.2
506 36 30   157  22638   9131     5.7  277   8161 5110   34.5
507 36 30   261  27595   2124    37.4   65  12346 5150   -0.3
508 36 30   241  44191  19640     8.9  792  17394 5740    2.9
509 36 30   240  26318   3946    19.7  128  13394 6390   -0.7
510 36 30   256  30201   1267    25.6   36  10157 7050   23.0
511 36 30   254  48991    810    22.8   27  11067 7440    9.8
512 36 30   306  25475   1028    29.6   24  11004 8060   12.2
513 36 30   209  33204   3794    14.4   89  13515 8320   17.0
514 36 30   185  27935   3426    24.4   93  12678 8530    5.0
515 36 30   183  26876   6416    26.6   93  11837 8540   -3.3
516 36 30   163  25482   4543    22.5   75  11582 8590   12.4
517 36 30   274  33763   2078    19.0   40  13952 8910    5.3
518 36 30   152  24946   5793    24.2  134  12822 8950    5.1
519 36 30   331  39733   6732    57.0  286  18375 9080   -7.0
520 36 31   289  32793  22363    14.3  656  16131 1160   -2.4
521 36 31   132  32655  25942    12.9  535  14378 1610    8.1
522 36 31   118  30196  53890    13.3 1172  15131 1700   16.8
523 36 31   319  80038  21475    10.5  665  20701 2330   -7.0
524 36 31   216  33532   3695    38.0  104  12606 2590    6.8
525 36 31   217  45397   1451    30.0   31  14545 2790    0.4
526 36 31   308  39835  10874     9.2 1431  15233 3170   -3.8
527 36 31   184  33410   5228    15.0  133  15544 4450   13.7
528 36 31   136  39201  10216    25.9  174  18088 4930   30.9
529 36 31   227  51664  18491    13.8  411  22442 5060   19.8
530 36 31   122  34999   4688    11.5  147  15652 5100    7.3
531 36 31   150  35076  18510    12.4  321  16553 6110    3.2
532 36 31   207  35926   2284    19.7   77  12994 6260    6.8
533 36 31   182  42049   5482    22.2   83  18450 6790   18.4
534 36 31   191  32318  32115     7.9 2470  15130 7390   -5.9
535 36 31   212  60197   4761     9.6  115  18016 7780   -4.1
536 36 31   273  67733   1691    17.0   52  15533 7930    4.9
537 36 31   224  67520   1488    22.7   59  17032 8360    7.9
538 36 31   140  24026  13523    12.6  380  15139 8490    6.2
539 36 32   324  36738   2125    33.5   58  14254  930   14.9
540 36 32   283  51888   1935    15.1   65  13553 1190   26.6
541 36 32   283  60926   7380    17.0  130  16359 1210   18.2
542 36 32   263  46145   1955    23.1   61  14427 2460    7.8
543 36 32   193  28111  10671     7.1  270  14920 2830   16.2
544 36 32   202  49284   2945     9.6  154  15542 3210   -3.6
545 36 32   304  69277   2856    16.5   59  12973 3320   -5.3
546 36 32   217  31005   3117    12.2   88  12203 4000   20.2
547 36 32   109  24473   4192    24.4  121  13953 5040   13.8
548 36 32   269  37277   1364    30.0   35  12636 5590   18.8
549 36 32   155  32715   4822    19.9   76  14036 6580    5.6
550 36 32   253  50327   3335    19.5   79  13130 7110   19.5
551 36 32   246  28558   2747    42.3   54  13199 7640   -0.1
552 36 32   490  93401   1755    17.0   45  15701 7880   38.0
553 36 32   327  72662   5177    19.3  150  19909 8570   43.0
554 36 32   166  29926   2587    27.8  101  15102 8890   11.2
555 36 33   238  52150  12129     6.3  375  16540  780   18.2
556 36 33   258  75333   6054     8.3  262  17989 1570   18.8
557 36 33   284  66917   8290     9.7  334  17622 2020    7.5
558 36 33   270  53539   6691    11.4  167  14109 2090   30.2
559 36 33   153  36446   8272    17.7  125  12122 2240   39.0
560 36 33   171  87969   6376    14.8  156  14674 3330   11.7
561 36 33   233  59664   3327    13.7  110  14390 3480   49.6
562 36 33   203  77715   4103    17.0  154  16539 3670   32.8
563 36 33    99  11078   9713    10.9  326   8724 3920   -0.9
564 36 33   181  61726   2537    16.8  111  13077 5390   27.1
565 36 33   159  55067   9338     8.8  599  16726 5420   30.0
566 36 33   194  75600   7282    13.9  159  14956 5450    8.7
567 36 33   180  34463   5183     8.8  212   9645 5540   42.0
568 36 33   375  91526  24320     7.4  557  17294 5690    5.8
569 36 33   275  46216  23618     5.5  679  15320 5830   17.4
570 36 33   926 155034   2328     6.1   52  30610 8400    2.5
571 36 33   297  60362  23523     7.2  378  14294 8650   12.4
572 36 33   237  78908  16225    24.7  170  19044 8730   30.3
573 36 33   193  58207   5762    12.3  165  15320 8810   28.4
574 36 33   506  91773   5998     4.4  170  18208 9230    4.4
575 36 34   379  29564   2079    29.6   38  11716  520   -3.3
576 36 34   187  38190   2806    16.5   64  13772 1280   -0.4
577 36 34   238  26827   2816    21.7   80  12307 1650   25.9
578 36 34   128  19648   3092    20.6   90   9937 3100   12.4
579 36 34   183  32531   2845    27.1   86  12885 4350   16.0
580 36 34   106  26693   3063    28.3  103  12628 5570    5.5
581 36 34   112  16699   5539    26.2  120  10298 7710    2.8
582 36 34   301  31552   1547    17.7   42  10838 9290    0.8
583 36 35   218  20591   1772    26.8   39  10226   60   23.4
584 36 35   322  22781   1045    28.1   28   8700  170   20.8
585 36 35   635  36695    454    36.6   12  11416  850   13.6
586 36 35   118  26273   4209    19.8   75  11915 1980   18.1
587 36 35    96  19214   7147    25.2  159  12727 3360   10.6
588 36 35    90  16626   4134    38.5   95  10060 3690   19.6
589 36 35   126  22861   6595    17.7  150  11950 3820   13.5
590 36 35   180  24229   3560    21.8   81  12763 5250   10.3
591 36 35   224  34103   1805    11.7  311  16305 5380   -4.4
592 36 35   157  21431   2849    27.0   91  12634 5750   14.7
593 36 35   544  47522   1199    16.5   30   7780 6190   13.6
594 36 35   129  17080   8059    13.9  294   8840 6240    2.1
595 36 35   109  19005   3648    25.9   90  11587 6360   10.1
596 36 35   158  19170   2015    25.0   50  13375 6400   19.2
597 36 35   511  40836    585    36.3    6   8846 7020   22.9
598 36 35   153  29418   3435    21.7   64  11282 7100    6.7
599 36 35   198  46697   2100    27.3   53  11858 7420    8.3
600 36 35   115  25483   6663    13.5  162  11451 7550   14.8
601 36 35   374 448200   6675    22.7  164  12143 7620   18.6
602 36 35   170  44113   5740    16.0  119  11883 8620    5.9
603 36 35   135  19196   4575    18.6  136  10636 8940   26.2
604 36 35   248  20185   1333    31.0   34   8807 9110   26.9
605 36 36   281  31006   1034    11.1   23   9838 1020   -0.9
606 36 36   276  44514   1279    18.4   24  11098 1060   20.1
607 36 36   381  50881    607    14.9   15  11128 1560   13.8
608 36 36   547  46298    365    33.2   18  10101 2220   14.1
609 36 36   214  31485   1714    20.3   38  10327 2560   -0.9
610 36 36   187  31732    967    28.9   30   9674 2780   -0.1
612 36 36   152  28135   2102    23.6   49  11283 4510   12.7
613 36 36   224  40338   1231    22.1   24  11500 5170   13.0
614 36 36   206  48547   2303    49.8   36  11942 5280   19.3
615 36 36   174  39340   2425    15.1   53  13063 5320    9.8
616 36 36   215  36706   1154    19.2   30  12570 5520    4.2
617 36 36   294  40676   1006    21.9   23  10377 5780    5.1
618 36 36   270  42106   5025    14.8  150  13009 6100    6.6
619 36 36   153  31294   2130    14.9   49  11971 6250   20.3
620 36 36   329 113025   1768    52.2   34  17909 6270    4.9
621 36 36   289  29369   1126    17.2   30   9060 6680    4.6
622 36 36   173  26222    851    33.9   29   9701 6710    0.4
623 36 36   126  47900   1166    10.6   39  11130 7080    9.5
624 36 36   244  43662    676    27.3   20   8915 7230    6.0
625 36 36   388  54568   1273    19.8   30  11756 7960    2.3
626 36 36   124  27873   3163    20.3   70  11276 8450   16.0
627 36 36   402  46974    630    24.3   19   9980 8930   -2.8
628 36 36   271  31796   2085    22.7   45  10457 9260    3.9
629 36 37   340  78855  28990     9.1  803  20817 1290    3.1
630 36 37   454  71307  13333     4.9  328  19677 4360    6.0
631 36 37   291  73138   8965     7.2  278  16702 6430   19.8
632 36 37   301 127047   6705    14.8  142  21653 6600    3.6
633 36 37   564 110623   9114     5.2  220  19736 6960    1.1
634 36 37   168  98601  14080    11.4  446  19976 7890   36.8
635 36 38   208  45423   1976    16.0   33  12462  670   13.7
636 36 38   197  40790  11117     9.8  250  17377  990    1.1
637 36 38   295  41265  14309     5.4  594  17361 2490    9.0
638 36 38   258  42224   1967    17.5   44  14483 3350   15.1
639 36 38   172  49224   3223    17.6   53  12078 3980    2.7
640 36 38   199  41669   3843    13.5   88  13224 5610   16.9
641 36 38   176  35675  10990    12.9  585  15611 5950    4.8
642 36 38   311  40182   1479    13.2   37  12116 6560    6.7
643 36 38   180  30109   5060    14.8   83  12677 6700   13.7
644 36 38   159  35117   3838    14.5  118  14961 6760    4.0
645 36 38   193  35813   7766     5.0  221  15668 7410    8.8
646 36 38   136  33451   6853    14.2  139  14051 7520    5.7
647 36 38   254  39562  10474    16.7  171  16733 7530    6.5
648 36 38   181  53086   2619    15.0   45  13766 8040   24.1
649 36 39   554  78704  77677     5.0 2088  23282 1670    2.8
650 36 39   331  99585  14120     8.2  747  20342 3830    1.0
651 36 39   568  98464  34077     7.0 1556  23410 6150   -4.5
652 36 39   620  80335  29571     8.0 1016  18606 6980  -33.5
653 36 39   406  88828  12809     7.2  461  18623 8130   -0.2
654 36 40   264  18323   2074    31.5   23   9962  890  -10.6
655 36 40   119  19676   4479    18.0   44  10815 1250    6.5
656 36 40  1842 186869     69    28.3    1  10832 1630  -35.5
657 36 40   651  95708    899     8.1    7  10962 1730   -8.8
658 36 40   678 102406   1270    11.4    5  12040 1880   -1.4
659 36 40   236  22247   1852    22.4   23   8482 2250    2.7
660 36 40   239  13561    912    26.0   21   6025 2300   -0.4
661 36 40   486  28084    586    30.0   12   9835 2570   -7.9
662 36 40   421  45992   1727    10.0   10  10272 2870  -19.2
663 36 40   360  30331   1918    16.9   32   9063 2980    9.5
664 36 40   134  28464   2388    21.5   34  10565 3340    1.6
665 36 40   288  68270    914    23.1   15   9849 3650    9.6
666 36 40   363  31455    642    22.4   12   8825 3900    6.9
667 36 40   440  50236    936    16.1    5   9653 4010  -10.1
668 36 40   260  17900   1488    28.8   31  10572 4520   -8.6
669 36 40   245  19417   3786    16.5   35  10468 4720    5.6
670 36 40   179  21577   3059    12.4   63  12375 4850    3.2
671 36 40   505  37243    785    24.0   13   8388 4960   -3.2
672 36 40   521  22450   1511    17.5   29   9788 4980  -15.3
673 36 40  1184  83842   2127     8.0   50   7716 5190    5.1
674 36 40   289  48806   1543    15.1   34  10345 5530    4.7
675 36 40   199  20850   4111    16.2   75  10605 5880  -14.7
676 36 40   232  30027   3286    16.2   51  11037 6230    3.3
677 36 40   492  48321   1891    19.4   19  10021 6410   -2.6
678 36 40  1005 144084    269     8.6    3  11118 6610  -21.9
679 36 40   241  28323   2409    17.6   40  12611 6620    7.6
680 36 40   278  26725    743    23.0   13  12228 6660   -5.2
681 36 40    92  32340   4701    21.8   49  15675 6840   -3.0
682 36 40   302  21751    756    34.3   20   8566 7250   -8.6
683 36 40   284  16775   1732    28.4   18   8135 7310    4.8
684 36 40   179  14729   3504    34.6   37   9875 8090   -3.9
685 36 40   242  30393   1028    26.9   21  11763 8630   -7.9
686 36 41   164  41117   8151    13.2  275  16219  490    4.7
687 36 41   170  44267   3977    21.9  121  19313 1470   -0.9
688 36 41   258  54233  31343    14.1  645  20495 1740   25.5
689 36 41   232  31860   3307    13.7   59  10586 2000   26.3
690 36 41   766 174051    764     8.4   12  10410 2200   13.7
691 36 41   405 174383   1024    26.7   17  10170 2550   -7.5
692 36 41   263  53365   3183    18.2   73  13849 3140   12.3
693 36 41   243  36461   6585    16.7   98  13000 3440   24.2
694 36 41   456  43637   1683     9.5   42  11196 3570   20.5
695 36 41   198  38031  14283     7.1  438  16406 3600   17.0
696 36 41   135  38176  11897    18.5  442  16137 5010   77.2
697 36 41   112  30479  10032    15.1  295  12577 5340   19.1
698 36 41   191  35991   9924     8.0  243  11860 5490   27.3
699 36 41   167  27985   3828    19.8  118  11615 6010   33.4
700 36 41   309  38347   1390    15.5   32  11074 6930   12.4
701 36 41   117  41052   3195    17.1   80  11912 7470   12.9
702 36 41   188  36027   5894    33.7  147  13013 8070   20.2
703 36 41   195  41694   6632    13.7 1053  13797 8750   32.1
704 36 41   198  38399  11303    31.7  315  13318 9170   47.1
705 36 42   174  37452   5279    22.7   75  14535 2420   19.4
706 36 42   226  45947  21447    13.9  445  17098 3310    0.8
707 36 42   369  56980  19363     9.1 1373  23312 5870    9.0
708 36 42   109  47818   2076    18.3   86  15519 6920   12.6
709 36 42   341  44312  28184    13.0  783  14691 7260   -3.6
710 36 43  1024  75335    340    19.3   10  12195  770   13.7
711 36 43   387  53100    959    24.2   20  11236  970   21.7
712 36 43   200  29503   1723    18.1   50   9902 1270   18.0
713 36 43    72  43234   2047    19.0   74  13107 1780   12.7
714 36 43   567  74021    685    46.9   17  12233 1930    0.4
715 36 43    68  22506   1817    17.1   95  11410 2750   12.7
716 36 43   268  41819   1538    22.6   24   9091 3090    8.6
717 36 43   416  95515   1233    15.4   21  12607 3290   12.0
718 36 43   341  56999   1206    24.8   28  10951 4280    7.4
719 36 43   179  38188   1908    13.9   40  10983 5260   14.7
720 36 43   196  39209   1586    12.8   56  11070 7120   11.5
721 36 43    90  35043   2371    26.6   84  12483 7540   11.1
722 36 43   213  28656   1664    18.1   46  11221 7670    4.0
723 36 43   235  41747   1339    20.2   36  10476 7690   -3.7
724 36 43   261  68695    987    37.4   27   9956 8180    7.8
725 36 43   202  35398   1402    31.2   49  12960 9280    6.4
726 36 44   141  28270    942    15.7   37  10682 1350  -23.8
727 36 44   218  24235    606    14.8   30   9227 1400    5.8
728 36 44   139  24858   1968    13.3   57  10538 2370   13.3
729 36 44   186  27826   4185    15.0   41  11012 3850   19.7
730 36 44   126  41603    656    13.8   42  11546 5460  -16.3
731 36 44   202  19219   1602    20.4   30   8858 6140   14.9
732 36 44   167  33402   1809    13.3   67  11795 7010   -0.2
733 36 44   254  40880   1648    15.5   44   8866 8420    9.5
734 36 45   148  47768   1579    19.3   51  13053 2060    4.2
735 36 45    88  44075   3651    31.8   66  12618 2840    2.1
736 36 45   177  23243   1354    22.6   51  10355 4330    0.0
737 36 45   220  38387   1108    15.5   33  11105 4820   25.3
738 36 45   146  45579   1602    15.6   52  11563 6300  -11.7
739 36 45   106  20240   2546    14.7   67   9769 7200    2.8
740 36 45   100  45283   1933    43.4   98  14326 7650  -16.8
741 36 45   263  30813    867    20.9   29  12906 8410   -1.9
742 36 45   112  35349   2220    18.8   69  10400 8510   15.7
743 36 45    82  31518   2677    12.4  136  11600 8760    5.6
744 36 46    94  22535    822    19.9   35  10418   20   13.7
745 36 46   156  23072   1267    12.2   36   9707  440   14.3
746 36 46   100  18046   6080    15.7   66   9590  560   12.4
747 36 46   397  18903    694    16.7   28   8917  860   -3.5
748 36 46   283  21117    916    33.0   20   9372 1150   -0.1
749 36 46   152  17580   3629    22.5   89  11834 1170   -3.8
750 36 46    99  30119   1196    22.9   22  10928 1240   -7.4
751 36 46   187  21811   1896    22.4   50  13510 1380    2.2
752 36 46   265  24503   1680    20.7   31  10463 1810    6.2
753 36 46   125  35086   4715    14.8  131  15875 2010   -4.2
754 36 46   186  21500   1882    27.3   39  11228 2160   24.5
755 36 46   199  35590   4926    12.2  132  16741 2730   13.3
756 36 46   334  28949    921    38.1   29  10676 3040    5.4
757 36 46   318  22918    901    18.1   22   8437 3500    1.7
758 36 46   300  27917    553    30.9   15   9213 3800    7.3
759 36 46   236  20572   1629    21.8   40  12058 4030   -7.3
760 36 46   169  33705   2580    15.7   61  13067 4040    4.7
761 36 46   282  25500   1350    19.8   22   9768 4070    7.7
762 36 46   271  19963   1253    28.3   24   8119 4250    9.2
763 36 46   196  18548   1868     9.3   50  11444 4710    1.7
764 36 46   338  23731   1941    11.7   38   9438 6880   14.3
765 36 46   265  62297   1446    12.9   44  12812 6940   11.2
766 36 46   438  21442    888    23.6   25   9553 7000   -2.3
767 36 46   217  20705   1068    25.9   29   9351 8260    6.9
768 36 46   371  24661   1006    33.0   16   7465 8340    0.1
769 36 46   204  16366   1374    16.7   36   8423 8380    2.2
770 36 46   268  51341   1870    10.1   46  13283 8480   -2.0
771 36 46   139  26821   2395    30.8   63  11149 8820   14.7
772 36 46   261  85772   1022    22.3   49  13225 8830   -3.5
773 36 46   658  38677    408    48.5   10   8821 9000   -4.4
774 36 46   260  24708   1098    29.5   24   8963 9050    6.9
775 36 46   222  31178   1530    14.7   28   8088 9240   32.6
776 36 47   274  57261 154350    14.8 3508  16136  460   -0.4
777 36 47   279  59227 382701    13.4 1558  15838  960   12.9
778 36 47  1102 343364  15247    15.3  223  23293 2500   21.3
779 36 47   364 103783 176270     8.1 2203  24649 4110   -5.2
780 36 47   321  54699 292977    19.5 2886  16460 4210   -0.7
781 36 47   753  84983  23565     7.5  350  14972 7160   13.7
782 36 47  1147 369801   2271    12.3  191  24351 7730    8.8
783 36 47   348  73441 108021     9.3 2359  21437 7800   -3.3
784 36 47   699 193416  36229    18.1  299  22987 7870    8.3
785 36 47   641 200197  17939     7.8  340  18755 7900    5.1
786 36 48   502  98225   3765    14.3   44  12102  700   10.7
787 36 48   296  53764   2559    18.0   53  11357 1110    3.9
788 36 48   453  74959   1316    17.0   36  12350 1790   -0.9
789 36 48   294  52151   2603    36.8   75  10476 2260   -5.4
790 36 48   457  49816  10984     4.6  145   8300 2810   17.8
791 36 48   879 185409    578    16.4   11  18260 2930  -22.9
792 36 48   540  83171   1329    21.5   26  10900 3050   -1.0
793 36 48   367  99574   2201    15.4   44  12509 3910   14.3
794 36 48   309  69147   5719    18.3   74  11223 4670    2.0
795 36 48   617 115091   1468    16.8   31  11442 4870   17.8
796 36 48   265  56653   8863     9.4   94  13763 5020   34.8
797 36 48   546 111266   2973    12.8   36  15973 5630    3.9
798 36 48   351  50029   4074    11.0   43  11290 7180   -2.6
799 36 48   280  99746   7088    10.9   88  13948 8230   -1.8
800 36 48   441  87937   1240    11.2   26  13181 8390  -10.7
801 36 49   138  26984   4156    43.4   73  10761  540    2.3
802 36 49   186  27734   1297    22.8   43  12100  660   -2.4
803 36 49   199  20039   4529    14.9   48  11086 1220   11.0
804 36 49   143  24336   3213    16.0   65  11888 5650   20.7
805 36 49   244  32485   1952    14.1   59  12601 5850   -0.1
806 36 49   127  36404  16983    12.2  167  15913 6320    4.5
807 36 49   219  21701   1202    17.8   31   8887 7090   27.3
808 36 49   244  22989   2125    34.1   44  11266 7950   16.7
809 36 49   168  22190   4840    36.9   82  11819 8280    7.7
810 36 50   222  28809   3102    18.3   56  12832 1310   10.5
811 36 50   226  35638   2940    19.8   55  15062 2140   16.7
812 36 50   166  36020  11098    11.3  122  14298 2400    9.7
813 36 50   155  23876   3190    15.4   86  11591 2700   28.6
814 36 50   144  28417   3122    14.3   65  11352 3520    6.4
815 36 50   131  38709  14638     5.7  536  12948 4230   11.6
816 36 50   180  68259   6162    15.7  110  15227 4490   14.0
817 36 50   162  22495   4960    16.4   84  11965 5730   10.6
818 36 50   109  47600   3365    24.7  106  14580 8440   11.9
819 36 51   997 169668    534     3.5    5  13988 2290   10.5
820 36 51   190  49225   9111     9.7  245  15048 2740   16.5
821 36 51   224  64521   4423    11.5  100  17911 3150   20.4
822 36 51  2410 572526    189    13.4    2  16341 3710  -27.1
823 36 51   257  57721   6691    11.7  224  19602 4120   -3.6
824 36 51   464  54422    852     5.8  109  15304 4400   -6.5
825 36 51   249  49963   9502     6.0  300  15191 4790   17.2
826 36 51   223  79909   5351    15.2   98  16162 5090    6.6
827 36 51   278  53789   7505     7.6  301  15496 5140    5.3
828 36 51   377  65263   6061     5.6  188  16301 5790   13.0
829 36 51   418  87680   4118     8.1   70  14673 6090    4.1
830 36 51   147  34854   9187    15.4  258  12837 6720   20.0
831 36 51   307  58593   5746    10.3   65  13046 7170    6.3
832 36 51   219  35674   6277    23.4  315  13534 7240    4.8
833 36 51   248  58625  14644    15.6  234  14719 7490    3.3
834 36 51   556  89476   3033    22.8   25  10889 7680   11.8
835 36 51   180  40451  10460    16.0  185  11230 7700   23.1
836 36 51   466  73168  12331     6.5  460  16564 8430    0.1
837 36 51   375  66311   8016    16.7   66  10387 8800   -5.2
838 36 51   432  99670   6183     8.0   92  21887 9250   -7.8
839 36 52   663 276216   1867     9.4   29  16457  800    3.5
840 36 52   349  58122   3576    22.0   42   9732 1580   19.1
841 36 52   800 331824    686    22.6   11  12537 3580   -8.7
842 36 52   599 190118   1306    11.3   20  11126 4020   17.3
843 36 52   485  65275   2388     8.9   12  11395 4310    8.2
844 36 52   551 138714   2264     6.5   76  15473 4463   -2.9
845 36 52   321  50381   2845     8.9   54  12252 4466    5.4
846 36 52   240  58643  23360     5.9  371  16119 6970   19.2
847 36 52   680  98481    698    11.4    8   9773 8120   26.9
848 36 52   633  49624   1084    11.0   12   9846 8250   22.7
849 36 52   294  35901   4247    26.3   67  11081 8710    9.6
850 36 53   195  36910   2778    18.3   49  11079  300    8.3
851 36 53   242  38507   1956    15.9   54  12540 1130    4.9
852 36 53   607 163243    561    10.5   10  10862 2390    0.4
853 36 53   255  46758   2240    15.1   36  12412 2510    9.1
854 36 53    85  33178   6356    13.6   59   6423 2950   51.9
855 36 53   184  36331   2739     7.6  109  10134 2970   -5.1
856 36 53   110  30878   3373    17.8   62  11375 3390   14.6
857 36 53   175  46516   2651    18.6   62  12762 3490   11.8
858 36 53   185  39573    795    15.3   35   9548 3660   35.2
859 36 53   168  29848   2038    16.8   47  11447 3780   14.2
860 36 53   245  39288   1590    16.8   28   9649 3840   19.6
861 36 53   233  55704   1652    18.4   44  11314 4240   28.7
862 36 53   103  41407   4192    15.1  110  13631 4390   -1.0
863 36 53   729 203293    471    53.2   14  12512 6950   -5.7
864 36 53   181  39374   1696    11.3   34  11803 7380   16.4
865 36 53   172  46726   1314    16.2   28  11258 9060   10.4
866 36 53   129  50254   1368    15.2   26  11564 9070   12.8
867 36 54   125  29563   5071    25.1  108  13408  290    7.0
868 36 54   179  19025   2238    30.1   60   8683 1050   25.1
869 36 54   172  33266   2007    26.9   35  10769 3120    0.8
870 36 54   260  62711   2066    26.6   52  12241 4130   11.3
871 36 54   224  29902   2059    17.4   62  12027 4910    6.4
872 36 54   165  36342   6148    12.8  164  15158 4940   17.0
873 36 54   184  27971   4990    13.8  171  13610 5130   10.0
874 36 54   199  53022   8776    12.4  273  15225 6120   14.4
875 36 54   117  31804   4164    19.4  129  13127 6370    5.1
876 36 54   248  20087   2372    14.1   70  11708 7220   -9.7
877 36 54   218  21912   1741    22.8   48  10555 7500   -7.2
878 36 54   124  33507   5667    26.1   87  12229 7830   -9.1
879 36 54   337  30587   7278    11.9  215  14490 8670   31.5
880 36 54   196  35204   6584     9.9  190  15195 9100    3.5
881 36 54   137  28413   2232    26.3   61  11209 9220   15.6
882 36 55   619 152494  17260    11.5  464  36031  570   11.7
883 36 55   445  63815  28688     4.9  856  24173 2030    6.0
884 36 55   631  80808  18183    13.1 5510  29522 2470   -8.7
885 36 55   488 115537  40637     7.7 2258  31629 3420    0.7
886 36 55   383 137299  11801    10.0  425  33993 4630   27.5
887 36 55   405 126647  26104     7.6 1106  22705 5560    5.3
888 36 55   638 147322  16893     6.0  731  45134 5700    7.9
889 36 55   861 183946  10180     7.3  422  42612 5900    6.3
890 36 55   798 155052   4756     5.0  222  27530 6000    3.4
891 36 55   451  89243   4693    12.3 1805  24924 6220   32.7
892 36 55   680 215277   4658    12.1  204  48021 6870   13.5
893 36 55    57 170195   5371    29.8 4883  34082 7340  -54.1
894 36 55   356 123811  16833    11.3  561  25637 7850   23.5
895 36 55   476  87520  33763     8.4  920  21901 9320    4.6
896 36 56   118  24305   1896    28.0   43  10780  280   11.7
897 36 56    53   7744   5097    26.3  150   2884  370   56.7
898 36 56   189  28848   3077    25.6   56  12819  620    5.4
899 36 56   142  39761   2011    17.1   56  12104 1340   13.5
900 36 56   255  28377   1304    29.9   50  10487 2070   17.8
901 36 56   271  20744   1143    25.2   31   8840 2450   -5.0
902 36 56   165  27407   1116    29.5   33  10192 3110    9.8
903 36 56   396  28300    475    20.9   31   8868 3190  -11.8
904 36 56   182  24899   2182    32.9   46  10334 4260   -3.3
905 36 56   315  32294   1054    28.1   30  11124 5270    0.0
906 36 56   357  27559   1117    25.6   31  11321 6160    1.1
907 36 56   162  38606   1113    27.3   33  13047 6510   -8.5
908 36 56   248  26006    712    25.8   24  10142 6630   11.7
909 36 56   206  27073   2456    18.5   52  11341 7720   -5.9
910 36 56   114  29185   1523    20.9   49  13006 8720    3.9
911 36 56   434  33139    818    39.0   23   9983 9020   17.8
912 36 57   348  70896   1216    14.8   34  11464  530    9.5
913 36 57   153  29379   2460    15.6   59  11580  640   20.1
914 36 57   276  33809   1153    29.3   29   9650 4220   17.5
915 36 57   166  57315   3759    15.7   64  11629 4290   -3.2
916 36 57   416  56460   1273    18.1   41  12475 5290   10.8
917 36 57    87  62783   1832    20.0   50  11689 5330   19.1
918 36 57   204  22310   1653    18.6   44  10216 6850   12.6
919 36 57   124  40940   1640    20.5   52   9912 8030   20.8
920 36 57   294 107898    919    20.6   41  10329 8310   -5.6
570 36 33   NA  116000   10685     6.1   249  28300 8400    2.5
570 36 33   NA  155034   29246     7.0   656  25000 8400    2.5
